next_visit:736416.54275463;
 next_visit_jal:1396-01-08T13-01-33;
 next_visit_greg:2017-03-28T13-01-33;
 stage:0;
 can_edit:1;
 last_modified:736415.54275463;
 crc:0;
 