next_visit:736416.542048611;
 next_visit_jal:1396-01-08T13-00-32;
 next_visit_greg:2017-03-28T13-00-32;
 stage:0;
 can_edit:1;
 last_modified:736415.542048611;
 crc:0;
 