next_visit:736447.853865741;
next_visit_jal:13960208-202933;
next_visit_grg:20170428-202933;
stage:0;
can_edit:1;
last_modified:736446.853865741;
crc:0;
