next_visit:736416.7365625;
next_visit_jal:13960108-174039;
next_visit_grg:20170328-174039;
stage:0;
can_edit:1;
last_modified:736415.7365625;
crc:0;
