next_visit:736416.545011574;
next_visit_jal:1396-01-08T13-04-48;
next_visit_grg:2017-03-28T13-04-48;
stage:0;
can_edit:1;
last_modified:736415.545011574;
crc:0;