next_visit:736416.546990741;
next_visit_jal:13960108-130739;
next_visit_grg:20170328-130739;
stage:0;
can_edit:1;
last_modified:736415.546990741;
crc:0;