next_visit:736400.81505787;
stage:0;
can_edit:1;
last_modified:736413.81505787;
crc:0;
