next_visit:736436.928553241;
next_visit_jal:13960128-221706;
next_visit_grg:20170417-221706;
stage:0;
can_edit:1;
last_modified:736435.928553241;
crc:0;
