next_visit:736400.814409722;
stage:0;
can_edit:1;
last_modified:736413.814409722;
crc:0;
