next_visit:736436.93494213;
next_visit_jal:13960128-222619;
next_visit_grg:20170417-222619;
stage:0;
can_edit:1;
last_modified:736435.93494213;
crc:0;
