next_visit:736400.811875;
stage:0;
can_edit:1;
last_modified:736413.811875;
crc:0;
