next_visit:736436.927106482;
next_visit_jal:13960128-221502;
next_visit_grg:20170417-221502;
stage:0;
can_edit:1;
last_modified:736435.927106482;
crc:0;
