next_visit:736436.93224537;
next_visit_jal:13960128-222225;
next_visit_grg:20170417-222225;
stage:0;
can_edit:1;
last_modified:736435.93224537;
crc:0;
