next_visit:736416.543831019;
 next_visit_jal:1396-01-08T13-03-06;
 next_visit_greg:2017-03-28T13-03-06;
 stage:0;
 can_edit:1;
 last_modified:736415.543831019;
 crc:0;