next_visit:736,416.6189120;
next_visit_jal:13960108-144513;
next_visit_grg:20170328-144513;
stage:0;
can_edit:1;
last_modified:736415.61474537;
crc:0;
