next_visit:736436.924733796;
next_visit_jal:13960128-221136;
next_visit_grg:20170417-221136;
stage:0;
can_edit:1;
last_modified:736435.924733796;
crc:0;
