next_visit:736436.920196759;
next_visit_jal:13960128-220505;
next_visit_grg:20170417-220505;
stage:0;
can_edit:1;
last_modified:736435.920196759;
crc:0;
